# masse de l'epi à chaque cycle : 
1  0  0
2  0  0
3  0  0
4  0  0
5  0  0
6  0  0
7  0  0
8  0  0
9  0  0
10  0  0
11  0  0
12  0  0
13  0  0
14  0  0
15  5.96602e-09  1.48058e-09
16  0.000104552  2.3908e-05
17  0.00366448  0.00196917
18  0.118915  0.034533
19  1.27262  0.280854
20  7.26879  1.39096
21  20.769  4.67066
22  42.2969  10.254
23  72.9213  18.6892
24  133.785  29.7131
25  181.384  40.8967
26  211.617  51.2944
27  224.082  60.3771
28  230.429  67.8936
29  235.42  73.7884
30  243.708  78.1471
31  246.164  81.1548
32  248.162  83.0551
33  249.238  84.0916

# l'algorithme a généré le vecteur W suivant :

1  1.39718
2  1.4
3  1.23002
4  1.08585
5  1.08496
6  1.29056
7  0.743737
8  1.06805
9  0.6
10  1.13697
11  1.26436
12  1.11601
13  1.3436
14  1.30362
15  1.29137
16  0.799337
17  1.09768
18  1.25467
19  1.29713
20  1.05131
21  0.998961
22  0.960764
23  1.19279
24  1.01825
25  0.848819
26  0.663305
27  0.6
28  0.6
29  0.726587
30  0.6
31  0.634803
32  0.640159
33  0.60288

# masse de l'épi : 249.238

# somme des composantes du vecteur W : 32.9437

# divergence de la meilleure population : 0 

# score de la meilleure population : 249.238

# nombre de selections effectuées : 5000

# nombre de mutations effectuées : 1573
