#Evolution de la masse de l'epi optimise par rapport a un epi temoin 
1  0 0
2  0 0
3  0 0
4  0 0
5  0 0
6  0 0
7  0 0
8  0 0
9  0 0
10  0 0
11  0 0
12  0 0
13  0 0
14  0 0
15  4.58415e-009 1.48058e-009
16  6.87985e-005 2.3908e-005
17  0.00531894 0.00196917
18  0.0882292 0.034533
19  0.681269 0.280854
20  3.20993 1.39096
21  10.2818 4.67066
22  21.703 10.254
23  38.201 18.6892
24  58.9036 29.7131
25  79.143 40.8967
26  97.3535 51.2944
27  112.797 60.3771
28  125.227 67.8936
29  134.714 73.7884
30  141.54 78.1471
31  146.119 81.1548
32  148.929 83.0551
33  150.415 84.0916
