#Masse de l'épi à chaque cycle pour chaque méthode d'optimisation

#Cycle: Temoin: Penalisation: AlgoGen: PSwarm: 
1  0  0  0  0
2  0  0  0  0
3  0  0  0  0
4  0  0  0  0
5  0  0  0  0
6  0  0  0  0
7  0  0  0  0
8  0  0  0  0
9  0  0  0  0
10  0  0  0  0
11  0  0  0  0
12  0  0  0  0
13  0  0  0  0
14  0  0  0  0
15  1.48058e-09  4.58415e-09  5.02531e-09  1.02223e-09
16  2.3908e-05  6.87985e-05  0.000105456  0.000196792
17  0.00196917  0.00531894  0.00942212  0.00537879
18  0.034533  0.0882292  0.100107  0.0289372
19  0.280854  0.681269  0.739744  1.69841
20  1.39096  3.20993  5.57877  7.94141
21  4.67066  10.2818  19.0569  40.5475
22  10.254  21.703  38.5484  45.9379
23  18.6892  38.201  74.3914  57.5055
24  29.7131  58.9036  146.81  162.185
25  40.8967  79.143  193.475  225.181
26  51.2944  97.3535  216.888  255.248
27  60.3771  112.797  223.982  264.526
28  67.8936  125.227  229.854  272.254
29  73.7884  134.714  234.776  278.339
30  78.1471  141.54  244.291  282.821
31  81.1548  146.119  246.711  285.789
32  83.0551  148.929  248.747  287.512
33  84.0916  150.415  249.746  288.351

#somme des composantes des vecteurs W obtenus pour chaque méthode : 
#Temoin: Penalisation: AlgoGen: PSwarm: 
33  32.9294  32.9533  32.9279
