#Masse de l'épi à chaque cycle pour chaque méthode d'optimisation

#Cycle: Temoin: Penalisation: AlgoGen: PSwarm: 
1  0  0  0  0
2  0  0  0  0
3  0  0  0  0
4  0  0  0  0
5  0  0  0  0
6  0  0  0  0
7  0  0  0  0
8  0  0  0  0
9  0  0  0  0
10  0  0  0  0
11  0  0  0  0
12  0  0  0  0
13  0  0  0  0
14  0  0  0  0
15  1.48058e-09  4.58415e-09  5.71321e-09  7.25663e-09
16  2.3908e-05  6.87985e-05  9.00581e-05  0.000112127
17  0.00196917  0.00531894  0.00569233  0.00939069
18  0.034533  0.0882292  0.121813  0.116555
19  0.280854  0.681269  0.726148  1.35046
20  1.39096  3.20993  4.60155  3.32096
21  4.67066  10.2818  20.183  15.2835
22  10.254  21.703  28.8502  62.8853
23  18.6892  38.201  79.8963  69.8739
24  29.7131  58.9036  148.773  149.805
25  40.8967  79.143  181.86  203.222
26  51.2944  97.3535  206.067  272.963
27  60.3771  112.797  223.828  280.695
28  67.8936  125.227  231.777  287.096
29  73.7884  134.714  236.211  292.16
30  78.1471  141.54  239.544  295.968
31  81.1548  146.119  241.974  298.653
32  83.0551  148.929  244.469  300.384
33  84.0916  150.415  245.256  301.326

#somme des composantes des vecteurs W obtenus pour chaque méthode : 
#Temoin: Penalisation: AlgoGen: PSwarm: 
33  32.9294  32.9612  33
