# masse de l'epi à chaque cycle : 
1  0  0
2  0  0
3  0  0
4  0  0
5  0  0
6  0  0
7  0  0
8  0  0
9  0  0
10  0  0
11  0  0
12  0  0
13  0  0
14  0  0
15  3.56841e-09  1.48058e-09
16  0.000100007  2.3908e-05
17  0.0101481  0.00196917
18  0.12746  0.034533
19  1.68964  0.280854
20  6.88692  1.39096
21  16.2728  4.67066
22  32.8686  10.254
23  81.5436  18.6892
24  147.187  29.7131
25  203.121  40.8967
26  220.013  51.2944
27  228.056  60.3771
28  235.556  67.8936
29  248.59  73.7884
30  252.227  78.1471
31  255.228  81.1548
32  258.302  83.0551
33  259.125  84.0916
